0 0.477236 0.749228 0.113324 0.065395
0 0.448597 0.725858 0.113324 0.065395
0 0.420560 0.714957 0.113324 0.065395
0 0.397194 0.697821 0.113315 0.065395
0 0.376167 0.688475 0.113315 0.065395
0 0.340588 0.666358 0.074491 0.037111
0 0.323056 0.663469 0.074481 0.037111
0 0.303764 0.653333 0.074491 0.037111
0 0.276051 0.649704 0.074491 0.037111
0 0.270347 0.640284 0.074491 0.037111
0 0.251602 0.623259 0.074481 0.037111
0 0.756361 0.704802 0.090556 0.061012
0 0.700407 0.689210 0.064741 0.055160
0 0.657764 0.678173 0.069657 0.046864
0 0.614444 0.669512 0.067778 0.048383
0 0.592713 0.654265 0.062315 0.034951
0 0.575574 0.650833 0.062315 0.034951
0 0.548676 0.643951 0.062315 0.034938
0 0.519343 0.639957 0.062315 0.034951
0 0.489528 0.628130 0.062315 0.034951
0 0.454630 0.621846 0.062315 0.034951
0 0.847444 0.686519 0.072315 0.044988
0 0.803833 0.667691 0.062315 0.034938
0 0.762824 0.659735 0.062315 0.034951
0 0.715046 0.650691 0.062315 0.027481
0 0.685185 0.644864 0.062315 0.027481
0 0.658907 0.639025 0.062315 0.027481
0 0.624667 0.627877 0.062315 0.027481
0 0.598338 0.623080 0.062324 0.027494
0 0.565940 0.617420 0.036824 0.015333
0 0.541736 0.615111 0.036824 0.015333
0 0.526644 0.611963 0.036824 0.015333
0 0.926389 0.655531 0.055741 0.043506
0 0.877917 0.649599 0.043426 0.043765
0 0.767917 0.627173 0.043426 0.043778
0 0.745532 0.627623 0.039769 0.034012
0 0.714338 0.621858 0.037787 0.032284
0 0.690616 0.617883 0.037787 0.032284
0 0.666065 0.609037 0.037778 0.032296
0 0.640185 0.610809 0.037778 0.032284
0 0.616296 0.603284 0.037778 0.032296
0 0.593403 0.604167 0.037787 0.032284
0 0.577481 0.600630 0.037778 0.032296
0 0.560894 0.599302 0.037787 0.032284
0 0.529565 0.592056 0.030167 0.022160
0 0.514144 0.590969 0.030157 0.022160
0 0.503861 0.589642 0.030167 0.022148
0 0.487269 0.585660 0.030167 0.022160
