0 0.373138 0.600955 0.088684 0.049311
0 0.704942 0.929509 0.113151 0.071101
0 0.684301 0.882491 0.108562 0.050459
0 0.687359 0.823431 0.105506 0.056193
0 0.685830 0.766091 0.096329 0.065367
0 0.683537 0.709900 0.100916 0.037845
0 0.682007 0.659441 0.097857 0.044725
0 0.357083 0.522400 0.142202 0.055047
0 0.350967 0.369876 0.160552 0.048165
0 0.675891 0.367583 0.097860 0.048167
0 0.679714 0.304510 0.129970 0.050459
0 0.670539 0.233983 0.111620 0.047019
0 0.673598 0.180083 0.111620 0.049313
0 0.675891 0.114143 0.116207 0.064219
