0 0.872124 0.519102 0.051605 0.099388
0 0.817653 0.504575 0.050459 0.088687
0 0.764900 0.504575 0.045871 0.085625
0 0.714441 0.502282 0.045871 0.093274
0 0.667422 0.503046 0.048167 0.097857
0 0.629005 0.789742 0.053899 0.096329
0 0.553890 0.802740 0.066515 0.149845
0 0.481642 0.806563 0.045873 0.133026
0 0.403088 0.808856 0.058487 0.168194
0 0.410542 0.492343 0.032111 0.076452
0 0.354922 0.499987 0.056193 0.110093
0 0.299876 0.483168 0.049311 0.097857
0 0.245404 0.475522 0.055045 0.085628
0 0.184629 0.477808 0.052765 0.081025
