0 0.170758 0.246349 0.035414 0.010999
0 0.277152 0.253181 0.034834 0.012149
0 0.294436 0.263848 0.037071 0.006564
0 0.633940 0.427163 0.046138 0.032004
0 0.429149 0.266303 0.027232 0.014901
0 0.196887 0.213768 0.028224 0.012741
0 0.240894 0.217178 0.026892 0.013039
0 0.303237 0.290817 0.030670 0.018075
0 0.424869 0.356625 0.025605 0.021763
0 0.562329 0.495312 0.050888 0.024322
0 0.519923 0.452421 0.041607 0.017910
0 0.306818 0.753084 0.136602 0.090698
0 0.294097 0.690036 0.132178 0.041296
0 0.278061 0.641743 0.127753 0.042017
0 0.270594 0.600074 0.119457 0.050142
0 0.259809 0.571316 0.098993 0.030972
0 0.255662 0.548089 0.098442 0.037606
0 0.246260 0.516381 0.091806 0.036134
0 0.236238 0.480400 0.075010 0.024901
0 0.227364 0.459306 0.078869 0.031693
0 0.221653 0.436875 0.068991 0.014405
0 0.215941 0.418249 0.072696 0.020374
0 0.216714 0.404565 0.064360 0.009058
0 0.210923 0.386455 0.060496 0.017698
0 0.354625 0.337467 0.036979 0.008929
0 0.341229 0.333948 0.046446 0.019530
