0 0.302604 0.469875 0.135479 0.023867
0 0.310227 0.495383 0.116425 0.015722
0 0.299231 0.448937 0.098323 0.010290
0 0.289514 0.434432 0.082315 0.014435
0 0.265696 0.414206 0.105565 0.020000
0 0.251976 0.360618 0.071267 0.010575
0 0.259502 0.372622 0.072979 0.010858
0 0.268745 0.396990 0.078125 0.010434
0 0.265600 0.384705 0.072596 0.009013
0 0.206531 0.252049 0.047970 0.010918
0 0.214120 0.266236 0.056634 0.007408
0 0.465974 0.344702 0.063793 0.006910
0 0.855648 0.408534 0.069431 0.024906
0 0.321035 0.553559 0.141310 0.031488
0 0.320074 0.522690 0.150367 0.032309
0 0.222034 0.275966 0.050284 0.008435
0 0.243702 0.225435 0.045103 0.013564
0 0.297956 0.228123 0.038042 0.011662
