0 0.465551 0.945506 0.160046 0.080988
0 0.455606 0.889407 0.160046 0.080988
0 0.447431 0.845796 0.160046 0.081000
0 0.436343 0.788963 0.128519 0.045210
0 0.434579 0.772586 0.128528 0.045222
0 0.429907 0.746105 0.128519 0.045222
0 0.427569 0.725858 0.128528 0.045222
0 0.415889 0.710284 0.128519 0.045210
0 0.399532 0.691593 0.128528 0.045210
0 0.401870 0.671340 0.128519 0.045222
0 0.395940 0.648926 0.079620 0.020247
0 0.396755 0.637506 0.079620 0.020247
0 0.390782 0.624463 0.079620 0.020235
0 0.377046 0.578093 0.054870 0.020235
0 0.370273 0.566488 0.038065 0.013691
0 0.374356 0.562352 0.039454 0.016259
0 0.373394 0.556722 0.038065 0.013691
0 0.370963 0.548735 0.045167 0.018012
0 0.368227 0.540056 0.038065 0.013691
0 0.363866 0.526278 0.038065 0.013691
0 0.364435 0.522463 0.038074 0.013691
0 0.363292 0.517105 0.038065 0.013691
0 0.858889 0.928747 0.155556 0.083247
0 0.827093 0.883265 0.155556 0.083247
0 0.772935 0.832796 0.148074 0.055716
0 0.729060 0.804531 0.148065 0.055704
0 0.721606 0.773951 0.148065 0.055704
0 0.693810 0.742241 0.092491 0.039667
0 0.671727 0.718914 0.092491 0.039679
0 0.644208 0.705154 0.092491 0.039667
0 0.624718 0.688340 0.092491 0.039667
0 0.612681 0.675340 0.092491 0.039667
0 0.602931 0.663117 0.092491 0.039667
0 0.590894 0.650117 0.092491 0.039667
0 0.572208 0.633049 0.059009 0.029704
0 0.566273 0.620352 0.060509 0.022506
0 0.557236 0.612685 0.060509 0.022506
0 0.549361 0.607562 0.060519 0.022506
0 0.540532 0.592704 0.042083 0.015827
0 0.520454 0.591562 0.044981 0.018111
0 0.516139 0.580938 0.047852 0.015827
0 0.507213 0.575451 0.045352 0.020210
0 0.503847 0.567525 0.047861 0.019198
0 0.495894 0.562000 0.045343 0.015827
0 0.499245 0.554321 0.042083 0.015827
0 0.490560 0.549494 0.042083 0.015827
0 0.478801 0.545025 0.042083 0.015827
0 0.479356 0.536901 0.042083 0.010642
0 0.472995 0.532852 0.042083 0.010642
0 0.472995 0.528062 0.042083 0.010642
0 0.467741 0.525481 0.042093 0.010642
0 0.461935 0.520321 0.042093 0.010642
0 0.459722 0.514790 0.042093 0.010642
0 0.974028 0.894074 0.051944 0.080000
0 0.959963 0.837358 0.080074 0.054568
0 0.919491 0.811481 0.114722 0.049136
0 0.884023 0.795531 0.114731 0.049136
0 0.855954 0.764716 0.114722 0.049136
0 0.825731 0.745049 0.114722 0.049136
0 0.787769 0.713901 0.114722 0.049136
0 0.730625 0.688068 0.064639 0.044457
0 0.709505 0.671105 0.064639 0.044457
0 0.691509 0.653636 0.064630 0.028309
0 0.673704 0.639284 0.057204 0.022543
0 0.650019 0.632265 0.064981 0.028235
0 0.633606 0.610074 0.057194 0.022543
0 0.621083 0.604852 0.057204 0.022543
0 0.610912 0.597031 0.057194 0.022556
0 0.600741 0.588679 0.057204 0.022543
0 0.591968 0.583395 0.057194 0.022543
0 0.582190 0.575426 0.057194 0.022556
0 0.564764 0.562506 0.057194 0.022543
0 0.555935 0.551938 0.057204 0.022543
0 0.552264 0.546951 0.057194 0.022543
0 0.524514 0.535944 0.036583 0.020235
0 0.512931 0.522105 0.036898 0.016111
0 0.938861 0.699667 0.078352 0.045531
0 0.905019 0.684025 0.080741 0.046247
0 0.879810 0.666043 0.072676 0.040852
0 0.859162 0.657272 0.065769 0.038593
0 0.838245 0.655370 0.057194 0.031704
0 0.813870 0.640827 0.064630 0.031704
0 0.787222 0.624414 0.064074 0.029444
0 0.766528 0.609012 0.056759 0.031111
0 0.669088 0.564778 0.057194 0.022543
0 0.659648 0.554963 0.057204 0.022543
0 0.640449 0.548346 0.057194 0.022543
0 0.634111 0.541593 0.057204 0.022543
0 0.625264 0.538642 0.057194 0.022543
0 0.615588 0.532370 0.057194 0.022543
