0 0.882491 0.451883 0.059630 0.090215
0 0.398545 0.750813 0.050459 0.159021
0 0.470794 0.746227 0.045873 0.122321
0 0.540749 0.737817 0.059633 0.126911
0 0.610129 0.733995 0.053899 0.097857
0 0.167469 0.447297 0.056193 0.114679
0 0.278707 0.448828 0.067661 0.114679
0 0.337194 0.454178 0.051605 0.116207
0 0.393960 0.445003 0.034402 0.088684
0 0.655428 0.451121 0.045871 0.079511
0 0.697858 0.444239 0.029819 0.077983
0 0.746023 0.449590 0.043579 0.088684
0 0.791895 0.449590 0.043576 0.070337
0 0.839487 0.456472 0.047019 0.087156
