0 0.567605 0.306925 0.029308 0.019735
0 0.449816 0.349206 0.043978 0.013889
0 0.459919 0.366407 0.049903 0.008390
0 0.468640 0.379651 0.043465 0.017351
0 0.323555 0.243775 0.034095 0.015526
0 0.365615 0.247750 0.028785 0.013542
0 0.391653 0.269866 0.034095 0.005109
0 0.404464 0.287877 0.032887 0.009828
0 0.416758 0.301281 0.041081 0.009805
0 0.874750 0.550450 0.062421 0.043618
0 0.794637 0.490365 0.058415 0.037384
0 0.751911 0.452979 0.048400 0.028485
0 0.592240 0.326986 0.034449 0.018674
0 0.581701 0.322267 0.027192 0.012655
0 0.573969 0.314430 0.031069 0.016313
0 0.415344 0.821863 0.144020 0.080909
0 0.385004 0.691539 0.103311 0.040453
0 0.379625 0.649805 0.094861 0.039940
0 0.375017 0.607305 0.090253 0.033803
0 0.363111 0.556349 0.078733 0.049669
0 0.355239 0.520762 0.064521 0.019461
0 0.338147 0.494902 0.079499 0.026114
0 0.340453 0.471348 0.074125 0.020995
0 0.335651 0.444463 0.070667 0.026630
0 0.327970 0.419884 0.054536 0.013313
0 0.599882 0.582211 0.075275 0.045063
0 0.543480 0.479211 0.061171 0.023191
0 0.526094 0.465898 0.053765 0.030909
0 0.497682 0.421791 0.054893 0.025539
0 0.490760 0.404727 0.053604 0.025327
0 0.438806 0.334200 0.044273 0.018234
0 0.293356 0.276601 0.032684 0.013975
0 0.301018 0.298977 0.039020 0.009269
0 0.305074 0.311081 0.037088 0.009788
0 0.308068 0.328725 0.044623 0.010043
