0 0.408824 0.796296 0.352941 0.385621
0 0.084314 0.831155 0.166667 0.315904
0 0.783333 0.767974 0.429412 0.442266
0 0.119118 0.474946 0.126471 0.143791
0 0.509314 0.489107 0.073529 0.141612
0 0.745588 0.484749 0.093137 0.119826
0 0.587255 0.484749 0.090196 0.132898
0 0.426471 0.483660 0.070588 0.148148
0 0.192647 0.474946 0.073529 0.169935
0 0.327451 0.481481 0.043137 0.143791
0 0.052451 0.456427 0.046078 0.106754
0 0.811275 0.486928 0.110784 0.115468
0 0.672549 0.489107 0.103922 0.124183
0 0.855882 0.478214 0.050980 0.093682
