0 0.383333 0.394336 0.098039 0.135076
0 0.765196 0.393246 0.108824 0.154684
0 0.234804 0.795207 0.465686 0.387800
0 0.146078 0.558824 0.292157 0.246187
0 0.462255 0.394336 0.083333 0.135076
0 0.658824 0.392157 0.076471 0.169935
0 0.875980 0.384532 0.136275 0.167756
0 0.517647 0.396514 0.019608 0.135076
0 0.952941 0.356209 0.060784 0.128540
0 0.293137 0.399782 0.105882 0.119826
0 0.152941 0.399782 0.103922 0.115468
0 0.224510 0.398693 0.111765 0.130719
0 0.029902 0.397603 0.059804 0.089325
0 0.064706 0.399782 0.090196 0.093682
