0 0.964216 0.568627 0.071569 0.130719
0 0.454902 0.571895 0.062745 0.132898
0 0.177451 0.569717 0.133333 0.145969
0 0.907843 0.569717 0.141176 0.128540
0 0.653431 0.574074 0.073529 0.145969
0 0.540686 0.568627 0.067647 0.139434
0 0.703922 0.574074 0.054902 0.128540
0 0.264216 0.559913 0.110784 0.104575
0 0.106863 0.571895 0.098039 0.141612
0 0.773039 0.867102 0.453922 0.244009
0 0.369608 0.551198 0.084314 0.100218
0 0.248039 0.790850 0.492157 0.396514
0 0.837745 0.570806 0.055882 0.130719
0 0.086765 0.570806 0.061765 0.139434
