0 0.304297 0.805729 0.600781 0.369792
0 0.542969 0.500521 0.096875 0.078125
0 0.600391 0.503125 0.044531 0.089583
0 0.360938 0.491667 0.089063 0.056250
0 0.905078 0.525521 0.149219 0.146875
0 0.411719 0.492708 0.079687 0.062500
0 0.991016 0.525000 0.017969 0.077083
0 0.160938 0.588542 0.320312 0.129167
0 0.319531 0.488021 0.078125 0.055208
0 0.193359 0.482812 0.033594 0.038542
0 0.273047 0.486979 0.053906 0.048958
0 0.769141 0.501563 0.016406 0.092708
0 0.464062 0.494792 0.095312 0.064583
0 0.247656 0.483854 0.057813 0.044792
