0 0.767125 0.759833 0.462750 0.461667
0 0.234125 0.758667 0.464250 0.462000
0 0.788750 0.448333 0.118000 0.076000
0 0.061375 0.431333 0.122750 0.069333
0 0.621250 0.440833 0.069500 0.071000
0 0.698375 0.438000 0.086750 0.072000
0 0.475125 0.437167 0.059750 0.070333
0 0.858250 0.441500 0.116000 0.079667
0 0.550625 0.440667 0.059750 0.069333
0 0.370750 0.435333 0.068500 0.076000
0 0.330375 0.433833 0.037250 0.065667
0 0.151500 0.427667 0.108500 0.074667
0 0.213500 0.435333 0.054500 0.066667
0 0.905625 0.428500 0.029750 0.030333
0 0.020125 0.411167 0.040250 0.030333
