0 0.031473 0.501404 0.042034 0.050149
0 0.063553 0.509516 0.017701 0.042774
0 0.148176 0.505828 0.060841 0.070797
0 0.211229 0.511728 0.056416 0.061948
0 0.262667 0.506566 0.050885 0.057523
0 0.347292 0.510990 0.063056 0.072272
0 0.420301 0.502141 0.076327 0.078171
0 0.475057 0.512465 0.024335 0.060473
0 0.581251 0.508778 0.059735 0.085546
0 0.660345 0.501404 0.080754 0.088495
0 0.743310 0.505091 0.087388 0.087021
0 0.839549 0.509516 0.098452 0.087021
0 0.946600 0.517627 0.106801 0.088495
0 0.708470 0.764678 0.320809 0.438052
0 0.341208 0.763940 0.287609 0.401181
0 0.096184 0.629722 0.186947 0.117996
