0 0.035898 0.469694 0.070799 0.087021
0 0.086783 0.485180 0.026548 0.070797
0 0.239991 0.470432 0.069690 0.082596
0 0.349504 0.472644 0.067480 0.087021
0 0.429151 0.469694 0.065265 0.095870
0 0.499947 0.474856 0.058628 0.088495
0 0.588996 0.475594 0.044246 0.060473
0 0.644304 0.480018 0.053098 0.063423
0 0.696296 0.480018 0.048673 0.069322
0 0.790875 0.480754 0.021017 0.035397
0 0.833464 0.474856 0.059735 0.064897
0 0.893199 0.489605 0.022123 0.035400
0 0.913110 0.486653 0.015486 0.035397
0 0.945743 0.477068 0.058628 0.057523
0 0.217867 0.794914 0.414821 0.377579
0 0.606695 0.732966 0.314159 0.324484
0 0.864188 0.614236 0.271625 0.196164
