0 0.074614 0.451994 0.068584 0.060470
0 0.148176 0.454205 0.076327 0.076696
0 0.215102 0.460842 0.046458 0.087021
0 0.311341 0.448305 0.070796 0.076696
0 0.384902 0.451992 0.069690 0.087021
0 0.433022 0.455681 0.019913 0.064894
0 0.546407 0.454942 0.056416 0.075222
0 0.616651 0.457154 0.077433 0.094395
0 0.690765 0.452730 0.068584 0.082596
0 0.770964 0.450518 0.085176 0.081121
0 0.860565 0.458629 0.094028 0.085546
0 0.942977 0.453467 0.068584 0.075222
0 0.686341 0.748454 0.360618 0.420354
0 0.255477 0.762465 0.326327 0.451326
0 0.904563 0.600961 0.190873 0.137166
