0 0.783132 0.628985 0.379425 0.446905
0 0.352822 0.704206 0.282078 0.514749
0 0.098398 0.570726 0.193586 0.274335
0 0.041429 0.308927 0.075223 0.078171
0 0.114991 0.317039 0.067478 0.097345
0 0.188000 0.324413 0.069690 0.115043
0 0.298620 0.314826 0.087388 0.116518
0 0.386561 0.318514 0.066372 0.109144
0 0.461229 0.318514 0.060841 0.112093
0 0.623841 0.322938 0.067478 0.115043
0 0.699061 0.326625 0.074115 0.113568
0 0.780367 0.330313 0.081860 0.103244
0 0.862779 0.335475 0.078539 0.098819
0 0.941871 0.335475 0.077433 0.113568
