0 0.124947 0.465268 0.131639 0.075218
0 0.242204 0.466005 0.080751 0.064894
0 0.324614 0.469694 0.073008 0.078171
0 0.391539 0.464532 0.060841 0.085546
0 0.439106 0.465268 0.027656 0.075218
0 0.552491 0.468219 0.068584 0.084071
0 0.623287 0.460106 0.061947 0.076693
0 0.695743 0.470432 0.076327 0.085546
0 0.805810 0.462318 0.050885 0.069319
0 0.877159 0.456417 0.091813 0.084071
0 0.963192 0.465268 0.073616 0.089974
0 0.304704 0.773527 0.223450 0.420354
0 0.690212 0.759516 0.335176 0.430678
0 0.908989 0.585475 0.182021 0.141591
