0 0.487778 0.763203 0.352877 0.405605
0 0.756031 0.676182 0.261064 0.323006
0 0.925831 0.625296 0.147123 0.256637
0 0.328486 0.479281 0.067478 0.085546
0 0.405920 0.471906 0.074117 0.094395
0 0.477271 0.479281 0.064159 0.097345
0 0.541430 0.475594 0.055310 0.078171
0 0.601164 0.471906 0.061947 0.070797
0 0.645964 0.467482 0.043142 0.079646
0 0.697402 0.477804 0.017701 0.035397
0 0.763220 0.480017 0.021019 0.033922
0 0.812447 0.474854 0.039824 0.041296
0 0.874394 0.472642 0.030975 0.036872
0 0.187447 0.486655 0.048673 0.085546
