0 0.320190 0.776477 0.311947 0.396756
0 0.787005 0.709367 0.311947 0.418879
0 0.075167 0.737391 0.144913 0.339233
0 0.167536 0.432819 0.066372 0.057523
0 0.235567 0.425445 0.069690 0.066372
0 0.291429 0.439456 0.037609 0.056048
0 0.377712 0.425445 0.061947 0.069322
0 0.447955 0.434294 0.065265 0.072272
0 0.513220 0.428395 0.054204 0.066372
0 0.674726 0.429869 0.069690 0.084071
0 0.771518 0.421020 0.106195 0.095870
0 0.895964 0.435769 0.067478 0.066372
0 0.964547 0.420283 0.067478 0.085546
0 0.089549 0.434294 0.040928 0.048674
