0 0.405424 0.680476 0.360094 0.584094
0 0.800501 0.597903 0.388750 0.379193
0 0.116704 0.613199 0.233408 0.440367
0 0.294189 0.278337 0.064221 0.070337
0 0.402560 0.287512 0.060779 0.073396
0 0.475955 0.288275 0.037842 0.068806
0 0.557377 0.284453 0.049313 0.067278
0 0.655427 0.292864 0.052753 0.062692
0 0.723662 0.286748 0.074541 0.074924
0 0.889945 0.300508 0.090595 0.074924
0 0.961045 0.303566 0.074541 0.059633
0 0.227675 0.275279 0.071099 0.061161
0 0.028707 0.276809 0.051605 0.064220
0 0.172056 0.269163 0.040139 0.064220
