0 0.185512 0.633077 0.371024 0.443423
0 0.547635 0.659830 0.279829 0.539765
0 0.862422 0.594853 0.267205 0.379210
0 0.084900 0.281396 0.104358 0.073393
0 0.174349 0.286746 0.081421 0.071865
0 0.242010 0.285982 0.049313 0.058102
0 0.341207 0.288275 0.055047 0.065751
0 0.423776 0.289039 0.043579 0.067278
0 0.499463 0.287512 0.038991 0.064223
0 0.589487 0.282925 0.042431 0.061161
0 0.737423 0.293628 0.065367 0.061164
0 0.825725 0.289039 0.090598 0.076452
0 0.904854 0.291334 0.079127 0.059633
0 0.969648 0.298980 0.029816 0.059633
